10586135
10572416
10522595
10519244
10480854
10477527
10474464
10463402
10458759
10441787
10441704
10350294
10336490
10327722
10297086
10282641
10267882
10248086
10227028
10198578
10188758
10188709
10184092
10180551
10146534
10143092
10137349
10121161
10069860
9939151
9916464
9908308
9892536
9885082
9842644
9827597
9826256
9816998
9798767
9794016
9783088
9765816
9755580
9754280
9743509
9728716
9722397
9709767
9709279
9702211
9691163
9680345
9679571
9675186
9667101
9663946
9662566
9661593
9654331
9652639
9650972
9649573
9648195
9646544
9642877
9641802
9638458
9637652
9635635
9635491
9634188
9633543
9632908
9632826
9632129
9626977
9625196
9624282
9624104
9623555
9623383
9623121
9622083
9621446
9621136
9620797
9620405
9619236
9618119
9618098
9617708
9615505
9615477
9614212
9613934
9613117
9612470
9612363
9612168
9612014
9611543
9609853
9608810
9608464
9608018
9607736
9607314
9606032
9605020
9604378
9603902
9603739
9603310
9602706
9602280
9602012
9601562
9601239
9601028
9601021
9600447
9599767
9598240
9598221
9598143
9598132
9598045
9597588
9597525
9597315
9597166
9597098
9597049
9596063
9596035
9595425
9595379
9594780
9594530
9593469
9593371
9593116
9592932
9592454
9592404
9592371
9592278
9592198
9592114
9591766
9591716
9591707
9591396
9590724
9590687
9590648
9590572
9590538
9590479
9590362
9589274
9589122
9588942
9588832
9588572
9588181
9587857
9587777
9587300
9587041
9586573
9585809
9585662
9585600
9585410
9584535
9584451
9584386
9584189
9583910
9583686
9583503
9583283
9583169
9582630
9582587
9582473
9581787
9581758
9581676
9581669
9581553
9581406
9581350
9581348
9581261
9580868
9580763
9580576
9580571
9580246
9580007
9579638
9579637
9579495
9579289
9579079
9578641
9578017
9577873
9577688
9577286
9577275
9577105
9577048
9577003
9576488
9576321
9576070
9576040
9575494
9575299
9575287
9575179
9574976
9574845
9574475
9574187
9574028
9573749
9573563
9573536
9573454
9573100
9573010
9572905
9572647
9572545
9572498
9572486
9572415
9572366
9572365
9572291
9572065
9571984
9571799
9571797
9571637
9571566
9571558
9570877
9570756
9570742
9570536
9570310
9570282
9569903
9569780
9569601
9569529
9569027
9568929
9568638
9568474
9568374
9568348
9568323
9568293
9568097
9567986
9567942
9567792
9567652
9567451
9567230
9567009
9566985
9566929
9566778
9566734
9566456
9566447
9566194
9566176
9566070
9566008
9565942
9565895
9565786
9565520
9565445
9565345
9565308
9565280
9565019
9564985
9564936
9564851
9564841
9564757
9564488
9564471
9564400
9564346
9564130
9564003
9563971
9563890
9563758
9563693
9563580
9563437
9563284
9563233
9563175
9563123
9563068
9563027
9562883
9562880
9562798
9562582
9562568
9562505
9562479
9562320
9562125
9562078
9561714
9561618
9561538
9561391
9561148
9561125
9561111
9560947
9560824
9560750
9560602
9560311
9560223
9560207
9560074
9560039
9559612
9559293
9559167
9558964
9558926
9558871
9558746
9558744
9558640
9558588
9558000
9557938
9557838
9557789
9557770
9557769
9557691
9557625
9557480
9557406
9557402
9557388
9557269
9557220
9557187
9557147
9557142
9557029
9557000
9556848
9556793
9556752
9556747
9556703
9556585
9556398
9556390
9556371
9556194
9556117
9556094
9555972
9555926
9555924
9555892
9555884
9555854
9555675
9555591
9555558
9555452
9555333
9555242
9555199
9555136
9554941
9554658
9554598
9554319
9554230
9554063
9553903
9553789
9553777
9553365
9553300
9553229
9553099
9553093
9552900
9552847
9552709
9552510
9552414
9552370
9552320
9552016
9551800
9551761
9551758
9551475
9551466
9551052
9551020
9550902
9550867
9550849
9550833
9550540
9550389
9550331
9550226
9550193
9550119
9549873
9549626
9549557
9549297
9549248
9549156
9549064
9548858
9548699
9548534
9548417
9548285
9548277
9548265
9548067
9547726
9547624
9547611
9547434
9547241
9547223
9547065
9547019
9546984
9546905
9546686
9546554
9546531
9546327
9546177
9546091
9546089
9545980
9545682
9545577
9545467
9545420
9545420
9545411
9545304
9544910
9544790
9544767
9544574
9544462
9544448
9544419
9544329
9544190
9544137
9544129
9543977
9543973
9543947
9543576
9543502
9543482
9543307
9543162
9543155
9543152
9543030
9542983
9542757
9542597
9542542
9542521
9542491
9542447
9542389
9542177
9542031
9541957
9541927
9541883
9541824
9541822
9541624
9541603
9541479
9541395
9541136
9540946
9540934
9540462
9540381
9540328
9540221
9540178
9540097
9539973
9539927
9539830
9539789
9539555
9539485
9539467
9539332
9539217
9539178
9539061
9538991
9538955
9538787
9538529
9538401
9538298
9538243
9538241
9538103
9538082
9538046
9538038
9537954
9537817
9537642
9537363
9537311
9537270
9537269
9537255
9537198
9537155
9537089
9537075
9536978
9536928
9536905
9536857
9536806
9536672
9536538
9536423
9536350
9536292
9535998
9535998
9535628
9535562
9535434
9535373
9535275
9535259
9535202
9535021
9534928
9534899
9534870
9534867
9534867
9534794
9534711
9534563
9534545
9534543
9534508
9534468
9534369
9534309
9534289
9534208
9534138
9533820
9533788
9533645
9533567
9533545
9533503
9533408
9533360
9533352
9533222
9533200
9533110
9533019
9532866
9532866
9532630
9532525
9532509
9532472
9532454
9532074
9531785
9531652
9531471
9531340
9531243
9531199
9531196
9531187
9531179
9530820
9530746
9530662
9530238
9530201
9530199
9529941
9529936
9529899
9529829
9529235
9529098
9529040
9528900
9528799
9528790
9528701
9528683
9528390
9528310
9528226
9528102
9528084
9527923
9527908
9527834
9527801
9527643
9527634
9527612
9527418
9527384
9527326
9527325
9527069
9527064
9526734
9526704
9526694
9526637
9526627
9526616
9526602
9526584
9526450
9526258
9526216
9526147
9526076
9526009
9525755
9525723
9525413
9525307
9525207
9525169
9525067
9524884
9524748
9524651
9524400
9524326
9524174
9524146
9524120
9523970
9523923
9523847
9523646
9523526
9523121
9523036
9523026
9523018
9522850
9522650
9522569
9522561
9522549
9522309
9522276
9522274
9522178
9522045
9521783
9521721
9521660
9521601
9521589
9521541
9521444
9521331
9521150
9521092
9520981
9520973
9520670
9520622
9520459
9520370
9520325
9519980
9519941
9519937
9519923
9519914
9519815
9519750
9519682
9519676
9519646
9519605
9519559
9519493
9519475
9519395
9519316
9519148
9519052
9518898
9518803
9518771
9518578
9518520
9518349
9518131
9517615
9517542
9517490
9517431
9517381
9517366
9517342
9517201
9517100
9516812
9516662
9516641
9516600
9516573
9516496
9516338
9516334
9516284
9516232
9516218
9516119
9516119
9515946
9515945
9515906
9515876
9515865
9515791
9515650
9515636
9515441
9515318
9515278
9515164
9515157
9515157
9515110
9515006
9514943
9514877
9514774
9514720
9514691
9514619
9514543
9514406
9514392
9514374
9514337
9514287
9514264
9514067
9514017
9513931
9513867
9513732
9513426
9513158
9513023
9512989
9512970
9512485
9512430
9512275
9512199
9512053
9512033
9511949
9511630
9511630
9511518
9511214
9511194
9511114
9511012
9510827
9510775
9510761
9510290
9510184
9510173
9510006
9509888
9509835
9509675
9509569
9509362
9509262
9509147
9509025
9508988
9508985
9508959
9508797
9508639
9508568
9508541
9508442
9508412
9508398
9508290
9508289
9508183
9508150
9508081
9507966
9507811
9507706
9507643
9507436
9507368
9507168
9507055
9507042
9506639
9506226
9506064
9505968
9505905
9505835
9505829
9505446
9505429
9505265
9505261
9505174
9505132
9505077
9505070
9505030
9504947
9504738
9504429
9504262
9504210
9504155
9504092
9504056
9503946
9503897
9503861
9503841
9503832
9503815
9503716
9503590
9503381
9503370
9503349
9503303
9503259
9503177
9503141
9502950
9502942
9502942
9502888
9502867
9502842
9502753
9502688
9502664
9502634
9502519
9502517
9502324
9502247
9502156
9502135
9502022
9501969
9501860
9501518
9501511
9501199
9501089
9500712
9500615
9500589
9500553
9500539
9500509
9500483
9500483
9500432
9500426
9500318
9500300
9500277
9500005
9499885
9499849
9499735
9499539
9499445
9499438
9499425
9499396
9499242
9499163
9499135
9499101
9498991
9498991
9498991
9498549
9498359
9498230
9498210
9498139
9498015
9497993
9497876
9497868
9497841
9497829
9497817
9497649
9497557
9497535
9497349
9497294
9497255
9497150
9497041
9496949
9496850
9496830
9496767
9496765
9496569
9496506
9496401
9496055
9495771
9495655
9495455
9495306
9495243
9495194
9495186
9495178
9495161
9494911
9494764
9494681
9494467
9494331
9494329
9494307
9494257
9494164
9494061
9493894
9493837
9493560
9493416
9493322
9493136
9493075
9493008
9492909
9492802
9492640
9492517
9492411
9492231
9492199
9492120
9492022
9491846
9491833
9491727
9491635
9491306
9491260
9491106
9491084
9491084
9491058
9491028
9491019
9490903
9490855
9490736
9490528
9490458
9490414
9490355
9490348
9490340
9490220
9490188
9490135
9489941
9489904
9489745
9489720
9489535
9489407
9489342
9489124
9489045
9488999
9488707
9488680
9488621
9488470
9488416
9488405
9488213
9488164
9488153
9488118
9488113
9488108
9488090
9487962
9487870
9487713
9487680
9487570
9487430
9487300
9486764
9486745
9486436
9486415
9486387
9486368
9486039
9485738
9485577
9485457
9485355
9485158
9484861
9484596
9484550
9484231
9484194
9484185
9483576
9483516
9483412
9483230
9482738
9482669
9482638
9482074
9481916
9481823
9481651
9481538
9481419
9481062
9480919
9480876
9480816
9480389
9480341
9480315
9480228
9480125
9479630
9479250
9479080
9479079
9478977
9478957
9478148
9478021
9477882
9477621
9477352
9476937
9476928
9476834
9476795
9476744
9476738
9476623
9476338
9476301
9476121
9476096
9475956
9475838
9475311
9475222
9475180
9474878
9474606
9474600
9474441
9474279
9474117
9473411
9473246
9473159
9472780
9472710
9472696
9472622
9472509
9472500
9471998
9471928
9471738
9471650
9471608
9471549
9471511
9471444
9471268
9471226
9471158
9471002
9470876
9470521
9470295
9470061
9469943
9469341
9469272
9469246
9469174
9469160
9468972
9468560
9468057
9468024
9468003
9467712
9467702
9467640
9467576
9467558
9467459
9467325
9467186
9466880
9466611
9466306
9465943
9465844
9465328
9464687
9464636
9464531
9464495
9464425
9463277
9463222
9462822
9462097
9462000
9461988
9461909
9461893
9461762
9461734
9461720
9461250
9460817
9460659
9460581
9460014
9459116
9459114
9458866
9458821
9458497
9458371
9458161
9457741
9457667
9457434
9457235
9456760
9456579
9456516
9456474
9454981
9454774
9454772
9454532
9454462
9454340
9454085
9453448
9453328
9452924
9452386
9451813
9451653
9451548
9451453
9451135
9451029
9450462
9449864
9449814
9449560
9448945
9448450
9448090
9447955
9447911
9447668
9447403
9447324
9447233
9447179
9446593
9446365
9446285
9445772
9445595
9445580
9445541
9445515
9444505
9444439
9444436
9444110
9443512
9442968
9442478
9442467
9442149
9442081
9441232
9440761
9440057
9439769
9439502
9439481
9439452
9439428
9438476
9438392
9438081
9437544
9437499
9437412
9437090
9437060
9436865
9436640
9436427
9436411
9436279
9434987
9433759
9432890
9432502
9431740
9431571
9431531
9431206
9430424
9430394
9430009
9429953
9429597
9429581
9429141
9428602
9428555
9428440
9428278
9428007
9427971
9427826
9427446
9427282
9427241
9427157
9427122
9427067
9427017
9425317
9424916
9424527
9424482
9423960
9423955
9423873
9423612
9423559
9423417
9423131
9422792
9422678
9422668
9422142
9422142
9422131
9422126
9420849
9420790
9420513
9420434
9420311
9420266
9420256
9419717
9419632
9419461
9418295
9417914
9417464
9417234
9416599
9415550
9414176
9414173
9413943
9413096
9412260
9412025
9411972
9411971
9411932
9411852
9411814
9411277
9410961
9410906
9410567
9410398
9410209
9409160
9409136
9408132
9408053
9407742
9407740
9407727
9407701
9406583
9406438
9406124
9405574
9405499
9404424
9404244
9403537
9403101
9403065
9402761
9402741
9402582
9402185
9401141
9400927
9400689
9398528
9396939
9396498
9396440
9396238
9395891
9395818
9395663
9394381
9394330
9393898
9393890
9393654
9393613
9392993
9391089
9390229
9390011
9389947
9389501
9388866
9388462
9388231
9387995
9387951
9387327
9387029
9386431
9386174
9385580
9384936
9384610
9384073
9383998
9383846
9383828
9383481
9383339
9382633
9382031
9381159
9381063
9380867
9380259
9379896
9379262
9378034
9377888
9377589
9377058
9375525
9375502
9375257
9374901
9374603
9373505
9373478
9373465
9373092
9372940
9372866
9372101
9372048
9371762
9371496
9370992
9370086
9369594
9369245
9369036
9368934
9368892
9368855
9367757
9367654
9367632
9367295
9367256
9367227
9366596
9366276
9366024
9365679
9365596
9365157
9365125
9365003
9364980
9364874
9364240
9363664
9363495
9363383
9363218
9363011
9362833
9362492
9362475
9362432
9362317
9361222
9360548
9360351
9360345
9360039
9359855
9359399
9358551
9358455
9358151
9357308
9356972
9356844
9356509
9356285
9355965
9355891
9354614
9354436
9354294
9353734
9352376
9352221
9352110
9351467
9351409
9351030
9350387
9350352
9350116
9350090
9349926
9349293
9348402
9348217
9348138
9348020
9347968
9345897
9344208
9343794
9343609
9343460
9341946
9341803
9341683
9341537
9341466
9340902
9340425
9340233
9339334
9339035
9338945
9338785
9338751
9338545
9338263
9338001
9337176
9336712
9335794
9335668
9335469
9335385
9333793
9333255
9332936
9332633
9331760
9331591
9331463
9331390
9331363
9330422
9329937
9328662
9327894
9326494
9325205
9325090
9324925
9324651
9324274
9323960
9323166
9322980
9322886
9322537
9322174
9321856
9321841
9321816
9321506
9321145
9320037
9319641
9319294
9319204
9318465
9317848
9317652
9317526
9316010
9315454
9314043
9313662
9312580
9312424
9312058
9311226
9309707
9309436
9308934
9308224
9308011
9307716
9307616
9307232
9307150
9305783
9305569
9305063
9304863
9303556
9302881
9302057
9301576
9300932
9300905
9300527
9300170
9299605
9298871
9298555
9297915
9296166
9295764
9295289
9294726
9294360
9293529
9292330
9291702
9291632
9290669
9290630
9288326
9287207
9286402
9286167
9285858
9285315
9284560
9284537
9283927
9283457
9282728
9282608
9281261
9281252
9279965
9278803
9278602
9278249
9278227
9277635
9277363
9277203
9277127
9276844
9276706
9275538
9275287
9274345
9274190
9273901
9272261
9271730
9271728
9271329
9270883
9270883
9270845
9270683
9270472
9269915
9269883
9269203
9269009
9268995
9268589
9268390
9268353
9268206
9268172
9267372
9267269
9267145
9266981
9266917
9266849
9266543
9266493
9266190
9266142
9265785
9265350
9264677
9264593
9264529
9264292
9264215
9264013
9263429
9263013
9262989
9262925
9262646
9262497
9261830
9261498
9260061
9260022
9259797
9258458
9258273
9257509
9257347
9257099
9255667
9255552
9254205
9253119
9252797
9252024
9251846
9251387
9251359
9250772
9250439
9249765
9248346
9248109
9247899
9247609
9246938
9246604
9246341
9245892
9245776
9245606
9244867
9243917
9242860
9242613
9242246
9241340
9241028
9240764
9240696
9240522
9240011
9239623
9239371
9239015
9238673
9238476
9238468
9238164
9238127
9237365
9237282
9236618
9236481
9236462
9235975
9235248
9234165
9233797
9232806
9232806
9232806
9232395
9231288
9231241
9230338
9230067
9229299
9228284
9227624
9225825
9225794
9225492
9225132
9225027
9224687
9224250
9223611
9223159
9223114
9223033
9222775
9222775
9222460
9222098
9221833
9221817
9221533
9220898
9220577
9220248
9219606
9219409
9219382
9219309
9218845
9217692
9217447
9217184
9216943
9216796
9216349
9215772
9215753
9215359
9215077
9214795
9214734
9214692
9214362
9213923
9213780
9213441
9213282
9213000
9212972
9212777
9212485
9212169
9211969
9211775
9211754
9211731
9211635
9210403
9209827
9209808
9209777
9209428
9209374
9209046
9208673
9208565
9208552
9208383
9208375
9207568
9207552
9207416
9207373
9206766
9205800
9205474
9204153
9203857
9202388
9201965
9201705
9200595
9200496
9200464
9199790
9199669
9198816
9198565
9197716
9197090
9196460
9195643
9195152
9195152
9195152
9195131
9195124
9194579
9193580
9193403
9192737
9192405
9191778
9191417
9191320
9191313
9191014
9190899
9190515
9190326
9190206
9189819
9189225
9188975
9188796
9187779
9187259
9187247
9186422
9186137
9185404
9185075
9184752
9184207
9183949
9183243
9182738
9182532
9182511
9182402
9182316
9181309
9179498
9178918
9178740
9176256
9176038
9175935
9175836
9175818
9175494
9175208
9173788
9173735
9173604
9173604
9171418
9171018
9170606
9170046
9169937
9169878
9169274
9168393
9168341
9168049
9167998
9167817
9165542
9164984
9164910
9162455
9162288
9162047
9161681
9161604
9161316
9161236
9159811
9159750
9159069
9158788
9158648
9158558
9158422
9157855
9157735
9156304
9156167
9156162
9156022
9155711
9153757
9152983
9152334
9151735
9151389
9151266
9151004
9150549
9150101
9148869
9148472
9148418
9147332
9147257
9147051
9146806
9146508
9146226
9145921
9145915
9144438
9144101
9144081
9143463
9143461
9143411
9143311
9142695
9142479
9141894
9141492
9141156
9140172
9140155
9139057
9138633
9136574
9136508
9136420
9136048
9135303
9134448
9134284
9133923
9133911
9133067
9132699
9132664
9132349
9132138
9131794
9131601
9130464
9128819
9128712
9127772
9127275
9126967
9126202
9126111
9126086
9125405
9125191
9125168
9124551
9123597
9122886
9122162
9121655
9121037
9119445
9117778
9116020
9115916
9114528
9114235
9113993
9113705
9113008
9112626
9112604
9112486
9112019
9111591
9111588
9111227
9109980
9109267
9108992
9108827
9108055
9107861
9107113
9106861
9106738
9106683
9106018
9105574
9104793
9104698
9103437
9103328
9103097
9102786
9101667
9101499
9101438
9101267
9101267
9101267
9101267
9101267
9101267
9101267
9101267
9101267
9101266
9101138
9101003
9100785
9100265
9100265
9100265
9100127
9099730
9099517
9098952
9098805
9097495
9096702
9096151
9095292
9094217
9094099
9094002
9093799
9093651
9092476
9091944
9091469
9090984
9090822
9090774
9090453
9090396
9089673
9089502
9088787
9088424
9086872
9086514
9086471
9086023
9085870
9085688
9085686
9085686
9085686
9085686
9085686
9084773
9084687
9084123
9083897
9082286
9082249
9082235
9081796
9080766
9079620
9078653
9078647
9078116
9077719
9077401
9077311
9077222
9076635
9076566
9076036
9075495
9075465
9074907
9074672
9074207
9073258
9073146
9072389
9072245
9071718
9071239
9071173
9069860
9069233
9067588
9067428
9065729
9063819
9063472
9063441
9063365
9061692
9061485
9060635
9060635
9060506
9060077
9059773
9059151
9058359
9057806
9057274
9056738
9055116
9054802
9052114
9052112
9051866
9051858
9043877
9043726
9043121
9042361
9041815
9040687
9040298
9040103
9036825
9036417
9034907
9034804
9031916
9031514
9030456
9029712
9029313
9028697
9025096
9024478
9024072
9023152
9022910
9021589
9021481
9021034
9020222
9019006
9018045
9016656
9016435
9015369
9015168
9013225
9012377
9012352
9010570
9009341
9008839
9008399
9007111
9007098
9006345
9004420
9003817
9002627
9002445
9001888
9001722
9001394
9001086
9001065
9000953
9000760
9000663
8999558
8998531
8998178
8995782
8995603
8994111
8993535
8993233
8992865
8992813
8992601
8992396
8992160
8990754
8990552
8990309
8989742
8989145
8989089
8988733
8988502
8988189
8986862
8986840
8986236
8986120
8985587
8985417
8985298
8985204
8985120
8984710
8984400
8983939
8983865
8982630
8982308
8982157
8982093
8982064
8981169
8980777
8980735
8980677
8979811
8979472
8979431
8978834
8978315
8978232
8978133
8978043
8977875
8977552
8977546
8977546
8977461
8977297
8976985
8976818
8976811
8976274
8975751
8975599
8975445
8975332
8975144
8974332
8974218
8974164
8973826
8973529
8973231
8973143
8972956
8972804
8972634
8972472
8972162
8971948
8971721
8971227
8971064
8970840
8970552
8970529
8970235
8970088
8969227
8969042
8969013
8968805
8968672
8968330
8968330
8968330
8968330
8968306
8968224
8968107
8967963
8967615
8967452
8967393
8967034
8966972
8966954
8966934
8966850
8966576
8966559
8966216
8966021
8965933
8965325
8965285
8965285
8965249
8965079
8965014
8964880
8964723
8964714
8964464
8964366
8964364
8964044
8963964
8963926
8963789
8963502
8963501
8963292
8962982
8962887
8962850
8962735
8962722
8962506
8962290
8962177
8962050
8961831
8961814
8961814
8961814
8961812
8961391
8961364
8961054
8960899
8960886
8960882
8960814
8960814
8960814
8960814
8960813
8960813
8960813
8960813
8960813
8960792
8960755
8960736
8960478
8960411
8959902
8959901
8959886
8959722
8959400
8959219
8959061
8958983
8958516
8957986
8957968
8957885
8957878
8957766
8957633
8957525
8957445
8957349
8957272
8957221
8957201
8957082
8956814
8956810
8956775
8956430
8956401
8956397
8956153
8956041
8955810
8955464
8955282
8955224
8955199
8955015
8954992
8954432
8954390
8954271
8954253
8954252
8954069
8953973
8953949
8953856
8953744
8953653
8953091
8953080
8952986
8952806
8952740
8952740
8952740
8952521
8952415
8951924
8951805
8951763
8951737
8951733
8951705
8951671
8951632
8951630
8951630
8951630
8951630
8951338
8951296
8951079
8950995
8950991
8950922
8950861
8950782
8950632
8950631
8950631
8950602
8950518
8949925
8949831
8949698
8949222
8949204
8949197
8948829
8948745
8948709
8948403
8948403
8948403
8948403
8948401
8948401
8948288
8948100
8948075
8948044
8947998
8947993
8947865
8947737
8947728
8947710
8947617
8947547
8947461
8947403
8947402
8947308
8947098
8947054
8947025
8946828
8946692
8946689
8946617
8946526
8946387
8946379
8946374
8946279
8946214
8946172
8946141
8945691
8945485
8945427
8945375
8945193
8945033
8944998
8944887
8944887
8944887
8944885
8944885
8944885
8944885
8944885
8944651
8943973
8943923
8943887
8943887
8943886
8943657
8943642
8943589
8943421
8943342
8943241
8943042
8943042
8942722
8942496
8942463
8942455
8942353
8942290
8942274
8942179
8942101
8941506
8941364
8941201
8941069
8940587
8940223
8939699
8939621
8939473
8939393
8939328
8939308
8939156
8939084
8938902
8938647
8938444
8938428
8938396
8938380
8938192
8938156
8937781
8937684
8937682
8937398
8937386
8936944
8936684
8936533
8936528
8936114
8936011
8935938
8935516
8934980
8934842
8934760
8934691
8934556
8934246
8934050
8933728
8933633
8933626
8933312
8933092
8932669
8932133
8931941
8931138
8931014
8930555
8930542
8930513
8930473
8930198
8930139
8929986
8929953
8929132
8929127
8928992
8928947
8928930
8928930
8928930
8928930
8928930
8928930
8928914
8928806
8928702
8928646
8928646
8928646
8928644
8928644
8928644
8928644
8928644
8928644
8928644
8928644
8928511
8928328
8928320
8928301
8928107
8928089
8927989
8927930
8927930
8927917
8927745
8927646
8927646
8927646
8927520
8927429
8927364
8927330
8927226
8927222
8927220
8927116
8926995
8926927
8926866
8926866
8926864
8926864
8926716
8926689
8926657
8926646
8926622
8926616
8926615
8926615
8926615
8926615
8926615
8926615
8926615
8926615
8926615
8926615
8926615
8926615
8926615
8926615
8926615
8926615
8926615
8926615
8926615
8926615
8926615
8926615
8926615
8926615
8926615
8926615
8926613
8926613
8926613
8926613
8926613
8926613
8926613
8926613
8926613
8926613
8926613
8926613
8926613
8926613
8926613
8926613
8926613
8926613
8926613
8926613
8926613
8926613
8926613
8926613
8926613
8926613
8926613
8926613
8926613
8926613
8926613
8926310
8926222
8926222
8926082
8926044
8926023
8925871
8925866
8925866
8925768
8925615
8925615
8925615
8925615
8925615
8925615
8925615
8925615
8925615
8925615
8925615
8925615
8925615
8925615
8925615
8925615
8925615
8925615
8925615
8925615
8925615
8925614
8925614
8925614
8925614
8925614
8925614
8925614
8925614
8925614
8925614
8925614
8925614
8925614
8925614
8925614
8925614
8925416
8924873
8924872
8924585
8923479
8923181
8922516
8922462
8922171
8921673
8921656
8921656
8921656
8921656
8921656
8921654
8921654
8921654
8921654
8921654
8921654
8921654
8921654
8921017
8920731
8920656
8920656
8920656
8920656
8920656
8920656
8920655
8920655
8920364
8920357
8919454
8919388
8919134
8918522
8916327
8916246
8915298
8914147
8913149
8912904
8912543
8912449
8911768
8910915
8910159
8909315
8909298
8908933
8908913
8907669
8906318
8905346
8904552
8904107
8904107
8904107
8904107
8904106
8904106
8904106
8904106
8904106
8904106
8902630
8901309
8901195
8900983
8899045
8894504
8894488
8894332
8892787
8892131
8890888
8890069
8888938
8888584
8885889
8885660
8884713
8882716
8882558
8882485
8882399
8881170
8879769
8876653
8874983
8873557
8873485
8873069
8870569
8869486
8866972
8859768
8859026
8858027
8856873
8855832
8855550
8855488
8855205
8854328
8854174
8853574
8852901
8851912
8851630
8851127
8850751
8849323
8848319
8842290
8840687
8840462
8840279
8839018
8838712
8831925
8831060
8830182
8829831
8829553
8826097
8825556
8824761
8824256
8822648
8821949
8818699
8815707
8814230
8812110
8811170
8809172
8808618
8808359
8805663
8803454
8803382
8800148
8800037
8799237
8798731
8795057
8792976
8792455
8787881
8786585
8785663
8778455
8775393
8775310
8775164
8773942
8766907
8765720
8765294
8765133
8760146
8760106
8759453
8759280
8758029
8754787
8748376
8744869
8744447
8743669
8743403
8741245
8740508
8738742
8738161
8734896
8733495
8732996
8732846
8732317
8729877
8728848
8728395
8727959
8726521
8726508
8726269
8725752
8723429
8722101
8721546
8720625
8720579
8719975
8719149
8718429
8718117
8717786
8717778
8716185
8715169
8715163
8714493
8714397
8714170
8712882
8712417
8711059
8709734
8709503
8708887
8708887
8708534
8708363
8706471
8706457
8706354
8706098
8705910
8704875
8703358
8701785
8701669
8700871
8700445
8700091
8700085
8699447
8696594
8695427
8694474
8694329
8693840
8692835
8692253
8692240
8691544
8690977
8690117
8687932
8687406
8686512
8685808
8684831
8684073
8683505
8683436
8682486
8681851
8681349
8681262
8681262
8680931
8680090
8680053
8679680
8678912
8678762
8678653
8677827
8677701
8676573
8675668
8674557
8674503
8673620
8672396
8671616
8671157
8670896
8669084
8668505
8667517
8667474
8667232
8666707
8666469
8665680
8663638
8663114
8662022
8661059
8660963
8660099
8659488
8659385
8659156
8658722
8658220
8658197
8657894
8657748
8657594
8655629
8655420
8655088
8653717
8653585
8653340
8653256
8653209
8652469
8651064
8650865
8650543
8650493
8650292
8650232
8649111
8648923
8648846
8648628
8648341
8646848
8646836
8646001
8645106
8643248
8642668
8641714
8639865
8639526
8639363
8639223
8639032
8638065
8637189
8635451
8634737
8634518
8634415
8633133
8631707
8631382
8631001
8630999
8630997
8630273
8628309
8628303
8623979
8623449
8622034
8621870
8619788
8618813
8616341
8616260
8615796
8614007
8611891
8611184
8610426
8608695
8608592
8608517
8607615
8605660
8604368
8604171
8602826
8601674
8601484
8598896
8598765
8598309
8595092
8594565
8594500
8591205
8590627
8589784
8588717
8587913
8587912
8586893
8586566
8586539
8585814
8584350
8583937
8583297
8581952
8581344
8580982
8580037
8579897
8579429
8578505
8574533
8572896
8572805
8572288
8570951
8570209
8569214
8568438
8567439
8566391
8566228
8566183
8564402
8563868
8563555
8563082
8563078
8562786
8560464
8558716
8558250
8556263
8555757
8555058
8552960
8552820
8552382
8551855
8551215
8550399
8549519
8548261
8547997
8546013
8544650
8543955
8540451
8539113
8538857
8537593
8537078
8534246
8534152
8533775
8533452
8532257
8531902
8531789
8529406
8529104
8528581
8527833
8527767
8527680
8527386
8526086
8525781
8525078
8522502
8522066
8519722
8516988
8516607
8515707
8515585
8515021
8514008
8510296
8509602
8509499
8508622
8507868
8507868
8507868
8507866
8507472
8507091
8506867
8506867
8504400
8504257
8503637
8502841
8501439
8501109
8500925
8500884
8500199
8499976
8499814
8498793
8497257
8494997
8494835
8494588
8494462
8493663
8493577
8493561
8493071
8490254
8489609
8489591
8487290
8486758
8486397
8481785
8481773
8481338
8481189
8480605
8476977
8474439
8472447
8472430
8470984
8469824
8469108
8467333
8465186
8465020
8462981
8462793
8462605
8461009
8460618
8459895
8457907
8457849
8457743
8457718
8456908
8456908
8456908
8455823
8455349
8454839
8452591
8451196
8451008
8450339
8450337
8449880
8449540
8449212
8448816
8448146
8447814
8447232
8446290
8446233
8446233
8445937
8445937
8445937
8445919
8445036
8445034
8443947
8443606
8443061
8442597
8441529
8439933
8439189
8438283
8437998
8437785
8436637
8436357
8435503
8435497
8433432
8433399
8432200
8429208
8428043
8427830
8427568
8426658
8424498
8421818
8421251
8419279
8418148
8416960
8414184
8414136
8412906
8410454
8410316
8406102
8402667
8398896
8397231
8396821
8396789
8396740
8395651
8394468
8393880
8392658
8392078
8391734
8391046
8389872
8388766
8387289
8385765
8383194
8381335
8376776
8373418
8373002
8368871
8366236
8365505
8362530
8360474
8359700
8359375
8356159
8353401
8350851
8348280
8347161
8346567
8346487
8344331
8342482
8341974
8341472
8340874
8338036
8337974
8337746
8335781
8335448
8334987
8333828
8332049
8329952
8329687
8329488
8328183
8328049
8327338
8327073
8325233
8324678
8323678
8323172
8321900
8321786
8321445
8321358
8317210
8315779
8315539
8314112
8314064
8312893
8312381
8311675
8311496
8310308
8310301
8310169
8306652
8304991
8303272
8302893
8301162
8300843
8300534
8300445
8299064
8298104
8297458
8297088
8297054
8296810
8295791
8294762
8293666
8293432
8291871
8289750
8289611
8288856
8287629
8287129
8286633
8285127
8283557
8282217
8282062
8279622
8279352
8279265
8278989
8274094
8274090
8273993
8273425
8273118
8272229
8271300
8270869
8270298
8268831
8268821
8267955
8267281
8265907
8265246
8262077
8262035
8261432
8260631
8260606
8257874
8257515
8257231
8256832
8256492
8255053
8253951
8252857
8251497
8251204
8249565
8249278
8248813
8247224
8247192
8247100
8245871
8244822
8242965
8242872
8241959
8241006
8240462
8240149
8239755
8239175
8238882
8238882
8238882
8238409
8237931
8237447
8235197
8234143
8233397
8232862
8232104
8230615
8230180
8229712
8229617
8229616
8228264
8227872
8226539
8225687
8224802
8224234
8223231
8221741
8220710
8219137
8217853
8217613
8216925
8216877
8215893
8215582
8215553
8215553
8215553
8215551
8215551
8215551
8215551
8215500
8214553
8214553
8214552
8214552
8214552
8214293
8214291
8213427
8212069
8211925
8210774
8209833
8209639
8209638
8209638
8209381
8208629
8208604
8208543
8208459
8208297
8208011
8208004
8207856
8207695
8207260
8207223
8207214
8206865
8206677
8206043
8205742
8205244
8204480
8204245
8201089
8200924
8200868
8199843
8199382
8199229
8199227
8199152
8198561
8198551
8198350
8196907
8196861
8195653
8193518
8193498
8193488
8193488
8193488
8193486
8193486
8193486
8193486
8193486
8192488
8192488
8192488
8192488
8192487
8191303
8190565
8189559
8188953
8188187
8188145
8183783
8182610
8178348
8177016
8176812
8174028
8171136
8169839
8169837
8169837
8169837
8169837
8168098
8167777
8167254
8166096
8161553
8153856
8148907
8142456
8137334
8135799
8135436
8130418
8129242
8126966
8125700
8125012
8123121
8118422
8116477
8115553
8114938
8112125
8109862
8106663
8103956
8103797
8102251
8099784
8099490
8099387
8097512
8096445
8096310
8092720
8091545
8087946
8087594
8087272
8086566
8085555
8085373
8079041
8078555
8076931
8074381
8073988
8072733
8071597
8069992
8068877
8065907
8062519
8062276
8061069
8058179
8055952
8054680
8053254
8050509
8047442
8044996
8044347
8040554
8036495
8033901
8030259
8027184
8024773
8024205
8020833
8019752
8017311
8016921
8015519
8010622
8008626
8006271
8004322
8004278
8003152
8001200
8000779
7998890
7996813
7993395
7992088
7991832
7990665
7990650
7989405
7989272
7988734
7986342
7985041
7980926
7976992
7976711
7975188
7973607
7973230
7970428
7969616
7969586
7969437
7968293
7968274
7967960
7965112
7962616
7962390
7961639
7961305
7959833
7959572
7959219
7958980
7958933
7957667
7957592
7956749
7956478
7956469
7956330
7956321
7956041
7955368
7955127
7954963
7954493
7954126
7953495
7951439
7950157
7949786
7948527
7948208
7947672
7947614
7947575
7947500
7947419
7946835
7946572
7946570
7946418
7945763
7945763
7945672
7944863
7944794
7944785
7944054
7943904
7943857
7941962
7941329
7941085
7940658
7940344
7940160
7939539
7939350
7938652
7938441
7938441
7938441
7938137
7936525
7936056
7934542
7934509
7934340
7933679
7933153
7932829
7932269
7932138
7931924
7931610
7930666
7930405
7930015
7929748
7929736
7929478
7928052
7927761
7927741
7927339
7927137
7926927
7926898
7925959
7925807
7924627
7924620
7924168
7923891
7923496
7922900
7922678
7921715
7920917
7920893
7920296
7920124
7919925
7919865
7919807
7919724
7919716
7919636
7919258
7919258
7919258
7918808
7918807
7918416
7918290
7917609
7917506
7917145
7916963
7916859
7916632
7916265
7916090
7916088
7916088
7916088
7916034
7915094
7914921
7914837
7914829
7914546
7914282
7914179
7913941
7913872
7913321
7913321
7913321
7913213
7912767
7912543
7912543
7912400
7912394
7912384
7912047
7911999
7911868
7911510
7911475
7911324
7911301
7910914
7910872
7910835
7910820
7910282
7910169
7910040
7909834
7909764
7909585
7907333
7907321
7907241
7907045
7907005
7906799
7906768
7906102
7905929
7905625
7905603
7905467
7905054
7905054
7905054
7904759
7904716
7904714
7904460
7904052
7903912
7903824
7903572
7903459
7903395
7903322
7903095
7902954
7902935
7902915
7902313
7902283
7902179
7901985
7901881
7901301
7901213
7901139
7900894
7900785
7900575
7900360
7900237
7900002
7899614
7899499
7899489
7898918
7898780
7898556
7898378
7898070
7897994
7897896
7897873
7897865
7897555
7897399
7897375
7897311
7897308
7897223
7896891
7896789
7896680
7896452
7896432
7896233
7896163
7896023
7895988
7895932
7895804
7895802
7895802
7895802
7895802
7895802
7895802
7895802
7895802
7895802
7895802
7895802
7895802
7895802
7895802
7895802
7895802
7895802
7895802
7895802
7895800
7895583
7895583
7895581
7895579
7895378
7895217
7895126
7894802
7894802
7894802
7894802
7894802
7894764
7894748
7894601
7894308
7894289
7894289
7894289
7894026
7894026
7893965
7893302
7893051
7892845
7892666
7892657
7892482
7892428
7892267
7892265
7892144
7892111
7891790
7891631
7891482
7891481
7891481
7891481
7891437
7891264
7890968
7890768
7890768
7890768
7890768
7890610
7890547
7890480
7890081
7889952
7889673
7889500
7889421
7889083
7889048
7889011
7888888
7888815
7888479
7888407
7888323
7888226
7888183
7888143
7888094
7888093
7888092
7888060
7887508
7887481
7887450
7887439
7887398
7887239
7887219
7887184
7887176
7887149
7887149
7887126
7887114
7887088
7887088
7887018
7886996
7886940
7886939
7886927
7886927
7886927
7886927
7886925
7886925
7886925
7886925
7886925
7886925
7886925
7886925
7886925
7886922
7886882
7886871
7886871
7886871
7886871
7886867
7886834
7886816
7886805
7886763
7886750
7886749
7886745
7886741
7886741
7886741
7886741
7886741
7886741
7886741
7886741
7886741
7886741
7886741
7886741
7886741
7886741
7886741
7886741
7886741
7886741
7886741
7886741
7886741
7886741
7886741
7886741
7886741
7886741
7886741
7886741
7886741
7886741
7886741
7886741
7886741
7886741
7886741
7886741
7886741
7886741
7886741
7886741
7886741
7886741
7886741
7886741
7886741
7886741
7886741
7886741
7886741
7886741
7886741
7886741
7886741
7886741
7886741
7886741
7886741
7886741
7886741
7886741
7886741
7886741
7886741
7886741
7886741
7886741
7886741
7886741
7886741
7886741
7886741
7886741
7886741
7886741
7886741
7886741
7886741
7886741
7886741
7886741
7886741
7886741
7886741
7886741
7886741
7886741
7886741
7886741
7886741
7886741
7886741
7886741
7886741
7886741
7886741
7886741
7886741
7886741
7886741
7886741
7886741
7886741
7886741
7886741
7886741
7886741
7886741
7886741
7886741
7886741
7886741
7886741
7886741
7886741
7886741
7886741
7886741
7886741
7886741
7886741
7886741
7886741
7886741
7886741
7886741
7886741
7886741
7886741
7886741
7886741
7886741
7886741
7886741
7886741
7886741
7886741
7886741
7886741
7886741
7886741
7886741
7886741
7886741
7886741
7886741
7886741
7886741
7886741
7886741
7886741
7886741
7886741
7886741
7886741
7886741
7886741
7886741
7886741
7886741
7886741
7886741
7886741
7886741
7886741
7886741
7886741
7886741
7886741
7886741
7886741
7886741
7886741
7886741
7886741
7886741
7886741
7886741
7886741
7886741
7886741
7886741
7886741
7886741
7886740
7886739
7886739
7886739
7886739
7886739
7886739
7886739
7886739
7886739
7886739
7886739
7886739
7886739
7886739
7886739
7886739
7886739
7886739
7886739
7886739
7886739
7886739
7886739
7886739
7886739
7886739
7886739
7886739
7886739
7886739
7886739
7886739
7886739
7886739
7886739
7886739
7886739
7886739
7886739
7886739
7886739
7886739
7886739
7886739
7886739
7886739
7886739
7886739
7886739
7886739
7886739
7886739
7886739
7886739
7886739
7886739
7886739
7886739
7886739
7886739
7886739
7886739
7886739
7886739
7886739
7886739
7886739
7886739
7886739
7886739
7886739
7886739
7886739
7886739
7886739
7886739
7886739
7886739
7886739
7886739
7886739
7886739
7886739
7886739
7886739
7886739
7886739
7886739
7886739
7886739
7886739
7886739
7886739
7886739
7886739
7886739
7886739
7886739
7886739
7886739
7886739
7886739
7886739
7886739
7886739
7886739
7886739
7886739
7886739
7886739
7886739
7886739
7886739
7886739
7886739
7886739
7886739
7886739
7886739
7886739
7886739
7886739
7886739
7886739
7886739
7886739
7886739
7886739
7886739
7886739
7886739
7886739
7886739
7886739
7886739
7886739
7886739
7886739
7886739
7886739
7886739
7886739
7886739
7886739
7886739
7886739
7886739
7886739
7886739
7886739
7886739
7886739
7886739
7886739
7886739
7886739
7886739
7886739
7886739
7886739
7886739
7886739
7886739
7886739
7886739
7886739
7886739
7886739
7886739
7886739
7886739
7886739
7886739
7886739
7886739
7886739
7886739
7886739
7886739
7886739
7886739
7886739
7886739
7886739
7886739
7886739
7886739
7886565
7886424
7886397
7886367
7886348
7886305
7886141
7886016
7885998
7885927
7885926
7885926
7885926
7885926
7885926
7885926
7885870
7885870
7885869
7885803
7885771
7885752
7885746
7885741
7885741
7885741
7885741
7885741
7885741
7885741
7885741
7885741
7885741
7885741
7885741
7885741
7885741
7885741
7885741
7885741
7885741
7885741
7885741
7885741
7885741
7885741
7885741
7885741
7885741
7885741
7885741
7885741
7885741
7885741
7885741
7885741
7885741
7885741
7885741
7885741
7885741
7885741
7885741
7885741
7885741
7885741
7885741
7885741
7885741
7885741
7885741
7885741
7885741
7885741
7885741
7885741
7885741
7885741
7885741
7885741
7885741
7885741
7885741
7885741
7885741
7885741
7885741
7885741
7885741
7885741
7885741
7885741
7885741
7885741
7885741
7885741
7885741
7885741
7885741
7885741
7885741
7885741
7885741
7885741
7885741
7885741
7885741
7885741
7885741
7885741
7885741
7885741
7885741
7885741
7885741
7885741
7885741
7885741
7885741
7885741
7885741
7885741
7885741
7885741
7885741
7885741
7885741
7885741
7885741
7885741
7885741
7885741
7885741
7885741
7885741
7885741
7885741
7885741
7885741
7885741
7885741
7885741
7885741
7885741
7885741
7885741
7885741
7885741
7885741
7885741
7885741
7885741
7885741
7885741
7885741
7885741
7885741
7885741
7885741
7885741
7885741
7885741
7885741
7885741
7885741
7885740
7885740
7885740
7885740
7885740
7885740
7885740
7885740
7885740
7885740
7885740
7885740
7885740
7885740
7885740
7885740
7885740
7885740
7885740
7885740
7885740
7885740
7885740
7885740
7885740
7885740
7885740
7885740
7885740
7885740
7885740
7885740
7885740
7885740
7885740
7885740
7885740
7885740
7885740
7885740
7885740
7885740
7885740
7885740
7885740
7885740
7885740
7885740
7885740
7885740
7885740
7885740
7885740
7885740
7885740
7885740
7885740
7885740
7885740
7885740
7885740
7885740
7885740
7885740
7885740
7885740
7885740
7885740
7885740
7885740
7885740
7885740
7885740
7885740
7885740
7885740
7885740
7885740
7885740
7885740
7885740
7885740
7885740
7885740
7885740
7885740
7885740
7885740
7885740
7885740
7885740
7885740
7885740
7885740
7885740
7885740
7885740
7885740
7885740
7885740
7885740
7885740
7885740
7885740
7885740
7885740
7885740
7885740
7885740
7885740
7885740
7885740
7885740
7885740
7885740
7885740
7885740
7885740
7885740
7885740
7885740
7885740
7885740
7885740
7885740
7885740
7885740
7885740
7885740
7885740
7885740
7885740
7885740
7885740
7885740
7885740
7885740
7885740
7885740
7885740
7885740
7885740
7885740
7885740
7885740
7885740
7885740
7885740
7885740
7885740
7885740
7885740
7885740
7885740
7885740
7885740
7885740
7885740
7885740
7885740
7885740
7885740
7885740
7885740
7885740
7885740
7885740
7885740
7885740
7885740
7885740
7885740
7885740
7885740
7885739
7885739
7885739
7885595
7885116
7885116
7885116
7885116
7885116
7885116
7885114
7885114
7884877
7884858
7884858
7884838
7884739
7884116
7884116
7884115
7884115
7884100
7883859
7883859
7883835
7883829
7883205
7883090
7882966
7882734
7882381
7882208
7882206
7882206
7881750
7881540
7881208
7881208
7881207
7880227
7880206
7879697
7878651
7878359
7877792
7877657
7876473
7874282
7873693
7873169
7872574
7872533
7872531
7872154
7871533
7871533
7871533
7871533
7871532
7871532
7869470
7869066
7869024
7868754
7868556
7868556
7868556
7868556
7868556
7868556
7868554
7868554
7868554
7868554
7868554
7868463
7868350
7868092
7867701
7867556
7867556
7867555
7867555
7867555
7867282
7865195
7864744
7863999
7863999
7861139
7860519
7860230
7857667
7856156
7856154
7855742
7855155
7855155
7855155
7855155
7854741
7852677
7847407
7840588
7837791
7832906
7826892
7826442
7825294
7824466
7817926
7816929
7813715
7813579
7811573
7802368
7801400
7801277
7800654
7797881
7796117
7794937
7791653
7788618
7787239
7770027
7754307
7751415
7747004
7739212
7735677
7734259
7732941
7728396
7725276
7725275
7721638
7718904
7714360
7710331
7709213
7708346
7706664
7697806
7697096
7696423
7688396
7684583
7682139
7678707
7676047
7668295
7665748
7657811
7654706
7652066
7640747
7633979
7629286
7625555
7625554
7613672
7610018
7606408
7602965
7602222
7601205
7592720
7590487
7583629
7577235
7575107
7573025
7569142
7562071
7561090
7559678
7559161
7557221
7550729
7532666
7522909
7521963
7521910
7521910
7521119
7516450
7516073
7514781
7514194
7510840
7509716
7508583
7506232
7505890
7505835
7502549
7501720
7500455
7500147
7496746
7496420
7493241
7489081
7488907
7488487
7487378
7487237
7486859
7486739
7486238
7486238
7485738
7485341
7481247
7479740
7475493
7473672
7473672
7472673
7470214
7468414
7467988
7467130
7464591
7463258
7461352
7461351
7459219
7446035
7443713
7438914
7436054
7433806
7433676
7433668
7431002
7430003
7430003
7429355
7418905
7415749
7415070
7413567
7409936
7408577
7407125
7406704
7403139
7401707
7399566
7392007
7387751
7386348
7381792
7378846
7375286
7374189
7373741
7373543
7372670
7370786
7368690
7363391
7362390
7358304
7355092
7354709
7354709
7354465
7353993
7353711
7353644
7352313
7352232
7351760
7350054
7349270
7348713
7346514
7344592
7344548
7340374
7334217
7332302
7331323
7325658
7320627
7319860
7317362
7317346
7317233
7315256
7313872
7312393
7312078
7311321
7311074
7309722
7308117
7307956
7307890
7305881
7304845
7304677
7304624
7304261
7303285
7299489
7296348
7295374
7295097
7294458
7293323
7292375
7291907
7289719
7289452
7289247
7288812
7288715
7288035
7286902
7286255
7286122
7283520
7280461
7279787
7278792
7277811
7275169
7273474
7271150
7270466
7270122
7269310
7265002
7262242
7261239
7261239
7261239
7260247
7260048
7259984
7259766
7258766
7258765
7258765
7256723
7256528
7255965
7255441
7254146
7252862
7250945
7249947
7249539
7245042
7244041
7244041
7242559
7241532
7241315
7240430
7239161
7238318
7238307
7237718
7237128
7237073
7236903
7236834
7235561
7235561
7235561
7235559
7235559
7235530
7234773
7234564
7234563
7234561
7234561
7234561
7234561
7234561
7234561
7234561
7234561
7234561
7234560
7234560
7234560
7234560
7234560
7234560
7234560
7234560
7234560
7234560
7234560
7233750
7233741
7233382
7230407
7230406
7228299
7228125
7227806
7227786
7225508
7224235
7223698
7222922
7222484
7220921
7220045
7219718
7219718
7219665
7217940
7217430
7216987
7216364
7215651
7214854
7208293
7208245
7203509
7203509
7200046
7198874
7197447
7195834
7194110
7191089
7190824
7189918
7189494
7186901
7185455
7182807
7181252
7179781
7179781
7179781
7179781
7179781
7179781
7171477
7169170
7160951
7155173
7147822
7145133
7136388
7134441
7134316
7125819
7108950
7099287
7095234
7087930
7083204
7073405
7069381
7051775
7051378
7050208
7044761
7038376
7029770
7026941
7026775
7024114
7002626
7000615
6978769
6975313
6975155
6968326
6962143
6936873
6928955
6928909
6925915
6925492
6922737
6922404
6921797
6917092
6917056
6917056
6917056
6917054
6917054
6917054
6917054
6917054
6917054
6916056
6916056
6916056
6916056
6916056
6916056
6916056
6916056
6916056
6916056
6916055
6916055
6916055
6916055
6916055
6916055
6916055
6916055
6916055
6916055
6915394
6914430
6913240
6913049
6912922
6912488
6912022
6911468
6911168
6910679
6909076
6908408
6907011
6904021
6902770
6901421
6894987
6894230
6888555
6880015
6879853
6877964
6875831
6874070
6861525
6860673
6855213
6853504
6849241
6847233
6846942
6844896
6844544
6843997
6843668
6837077
6836742
6835759
6833167
6822156
6822046
6819286
6817676
6814900
6814807
6813019
6813019
6813019
6813019
6813019
6813019
6813019
6813019
6813019
6813019
6813019
6813019
6813019
6812021
6812020
6812020
6806678
6804282
6800429
6800361
6797051
6785839
6776890
6776739
6768207
6768207
6760512
6756437
6755708
6753669
6746500
6738831
6736920
6736536
6736536
6725076
6721381
6720161
6718487
6717602
6715598
6705939
6703004
6695035
6685355
6685265
6677039
6675512
6674328
6673599
6673133
6668671
6667338
6654861
6653862
6653862
6647335
6640935
6640420
6623844
6617580
6613860
6612806
6610442
6610441
6610441
6599694
6595745
6587885
6585330
6584116
6571980
6560595
6558643
6547096
6528056
6513182
6506010
6503945
6503945
6503943
6502294
6501609
6493650
6490497
6483828
6478791
6476587
6467750
6467680
6466522
6463843
6462446
6462117
6461319
6455488
6446478
6437862
6435967
6430102
6427509
6423726
6421681
6411959
6406018
6404295
6401878
6389462
6381610
6380044
6379835
6376850
6374669
6369766
6368235
6365012
6361858
6344679
6337204
6331430
6330367
6323436
6322101
6321373
6321154
6320635
6318881
6318838
6298326
6295868
6274337
6270572
6269565
6265389
6264143
6262792
6255599
6254387
6254259
6254259
6249399
6244505
6242476
6241969
6240968
6231225
6227133
6217440
6215216
6210813
6207143
6197869
6197553
6185969
6169583
6164063
6154263
6153271
6148174
6136817
6121244
6119433
6094389
6064361
6056337
6042872
6039253
6030599
6024673
6011749
6007037
5998814
5984279
5967128
5961253
5956769
5943464
5914541
5910975
5910519
5894240
5885837
5880798
5878970
5876816
5876409
5867188
5865595
5860590
5858918
5844304
5834609
5833332
5825533
5820261
5819400
5814153
5808724
5801300
5799522
5799522
5799522
5799522
5799371
5798522
5798522
5798522
5798522
5798522
5798521
5798521
5798521
5798521
5798066
5797225
5794909
5793873
5792317
5789483
5787173
5786522
5779821
5772757
5770093
5768917
5768917
5768917
5768917
5768917
5767917
5767917
5767917
5767917
5767917
5767916
5767916
5767916
5767916
5767916
5767916
5767916
5767916
5767599
5761224
5760066
5759148
5759000
5754868
5754453
5754442
5739336
5726355
5726176
5702878
5698805
5695695
5685178
5685178
5662113
5640329
5625232
5616348
5570800
5567501
5537056
5536329
5527416
5504839
5470409
5430418
5391330
5343740
5343056
5331905
5309296
5266920
5241992
5236909
5229567
5228440
5228440
5228421
5228016
5227018
5214589
5195045
5185065
5169167
5150117
5136671
5117684
5110135
5101069
5099179
5098128
5098054
5067686
5022381
5022381
5017737
5017737
5017415
4991310
4987446
4947424
4938367
4936789
4935690
4917630
4886347
4881332
4857763
4825256
4815965
4800233
4722864
4712622
4710839
4703718
4694125
4690210
4659638
4653526
4653244
4650249
4631069
4616782
4568732
4568662
4568386
4567644
4567644
4567644
4567644
4567644
4567644
4567562
4567544
4567538
4566677
4566644
4566644
4566644
4566644
4566644
4566644
4566644
4566644
4566644
4566643
4565033
4563116
4562798
4562582
4562312
4562111
4562111
4562110
4562000
4562000
4560692
4560061
4559616
4556602
4549136
4548506
4543233
4541405
4541308
4538602
4492751
4383222
4345489
4325387
4309887
4290609
4284285
4241741
4164689
4161398
4151377
4142879
4142878
4142878
4103763
4102973
4071378
3952459
3934619
3903836
3848586
3836791
3833666
3745093
3734084
3675185
3665607
3665579
3632109
3614231
3612739
3591813
3566446
3549554
3548526
3546766
3541648
3524508
3520982
3496755
3477700
3450874
3446944
3444138
3426580
3423598
3391664
3366952
3350832
3330925
3329403
3328404
3323468
3320098
3312579
3295280
3293790
3270467
3252652
3208238
3200309
3161895
3134475
3121548
3098257
3093729
3093729
3093672
3057680
3044982
2984301
2970933
2957063
2953032
2951843
2951843
2951841
2951841
2951772
2950843
2950843
2950842
2947261
2941547
2933762
2919256
2916505
2899641
2880284
2851931
2849874
2847135
2847135
2846133
2846133
2822159
2788731
2751585
2693825
2689469
2667131
2642390
2620273
2616258
2611317
2599632
2598637
2579389
2578389
2578389
2578389
2578389
2518179
2508190
2497628
2423237
2416870
2415530
2409706
2392011
2352610
2350147
2343263
2335866
2325053
2320651
2316556
2312514
2288229
2271825
2264974
2253329
2248396
2244924
2234911
2232609
2226807
2203914
2203318
2201796
2192826
2191776
2191776
2191775
2191775
2189826
2157336
2150510
2134511
2132315
2110912
2096756
2081503
2077033
2052908
2027500
2002127
1997877
1995747
1987620
1986620
1944503
1918713
1912228
1905541
1900186
1894677
1894676
1874282
1863434
1851345
1845710
1830069
1818327
1812916
1812107
1809303
1804735
1801334
1800452
1777758
1757471
1757080
1750483
1739058
1705512
1705512
1703673
1679627
1679579
1676114
1676113
1676112
1676112
1675874
1675856
1671600
1661320
1654867
1643918
1631895
1630276
1611997
1603725
1601895
1589092
1580591
1572623
1572026
1563848
1552080
1548404
1498540
1497379
1494462
1491754
1491115
1481134
1478967
1472166
1471721
1470039
1468515
1460868
1455125
1452434
1419350
1407885
1405767
1398481
1392016
1380429
1372738
1372589
1368452
1364674
1358507
1357837
1357837
1354156
1346349
1344111
1326090
1324094
1316166
1299724
1299294
1299099
1292393
1287482
1275570
1271543
1268929
1268765
1265305
1241119
1236505
1236052
1218237
1217960
1197937
1193956
1189717
1167646
1166795
1161901
1158829
1154975
1150421
1148230
1145064
1144064
1144064
1144062
1144062
1144062
1144062
1139103
1126916
1121832
1119534
1118535
1117632
1116605
1111173
1103441
1095732
1094609
1091895
1081899
1079880
1077068
1074702
1063815
1062419
1049508
1048508
1048508
1048508
1048508
1048508
1048345
1047506
1047506
1047506
1047506
1044757
1044560
1044303
1035343
1030215
1012886
1011479
998073
997265
991030
990855
983057
979725
976293
955507
951087
948789
945922
941320
932464
932464
932464
932462
930582
928674
925780
922145
919754
918724
914333
914092
913092
913092
913092
913092
913092
913092
913092
913091
913090
913090
913090
913090
913090
913090
913090
913090
913090
913090
913090
913090
909177
908049
907463
905934
905708
901188
897664
896048
894728
894069
893613
890793
887179
882806
881864
875959
872434
869556
864978
852153
848768
847977
844793
843888
843409
841509
836978
834947
829660
822513
818738
814897
804985
803766
803142
796885
796176
785084
773474
768075
736502
734809
727304
722752
706636
701749
699017
692705
692515
675912
674647
674647
674647
674647
669371
669349
668638
668540
668539
668539
668539
668539
663799
663799
662799
662798
662391
661282
660887
660301
657290
651800
646228
642678
641059
641057
639024
637115
629235
626580
617320
602716
587078
585210
582802
581415
579365
579103
578101
575353
560666
557604
552363
551361
550361
547526
547524
542487
540204
532426
526497
525089
520187
519067
514502
510063
509268
504827
497294
494711
493306
482511
477249
472885
471196
470435
468173
468173
465748
465411
465236
462453
462316
461843
461308
459680
458843
457739
456739
456739
456739
456739
456739
456739
456739
456739
456739
456739
456739
456739
456739
456739
455737
455737
455737
455737
455737
455737
453175
452607
446975
444421
442276
440689
438389
438200
438200
438200
438200
438200
438200
438200
438200
438200
438200
438200
437300
437200
437200
437200
437200
437200
437200
437200
437200
437200
437200
437200
437200
437200
437200
437200
437200
437198
437198
437198
437198
437198
437198
437198
437198
437198
437198
437198
437198
437198
437198
437198
437198
437198
426722
418239
417181
416244
416072
413460
413367
409453
408882
405551
402478
400476
400391
399691
396608
391883
390534
389544
389538
384375
383603
382216
373618
363585
363583
362585
362585
362585
350740
342714
341472
341062
320731
316697
303872
297270
293310
292257
287614
286284
280020
280020
278889
278697
269052
265109
264777
264290
257622
256588
255072
244220
242068
241657
237610
235996
234717
231459
230459
229214
228854
218758
214198
211133
211133
211133
207741
205337
203937
198024
194610
193128
193128
192128
190835
185866
185351
174630
161533
161083
158837
157974
155140
153315
145477
142196
141162
136730
136101
135781
134676
133297
132828
129451
125488
124690
119918
119114
115414
115283
114543
111833
110890
109689
109445
108585
107155
105177
104878
98591
98196
95488
94511
94218
90337
89108
87598
87380
87380
87380
86380
86380
86380
86380
85378
85378
85378
84971
83171
78112
77587
76993
74014
70214
68296
67861
65540
65000
65000
62880
62682
61192
60690
60239
59050
58342
58091
58087
57929
56600
56582
56494
54922
53280
52678
52678
51676
51676
51507
51149
50944
47333
46809
46451
46393
46341
45721
45106
44905
44207
43987
43140
42470
41307
41043
40583
40583
40473
40149
39636
38934
38781
38623
38535
38122
37934
37934
37934
37934
37934
37794
36143
35972
35936
35343
34938
34704
34578
34506
33966
33458
33273
33054
33038
31824
31517
31237
31189
31045
30246
30057
29410
29151
29149
29096
28907
28900
28900
28795
28528
28002
27907
27419
27134
27082
27004
27004
27004
27002
27002
27002
27002
27002
27002
27002
27002
27002
26596
26555
25620
25537
24407
24071
23867
23836
23634
23606
23409
23071
23071
22880
22571
22477
22217
22074
20773
20771
20468
19597
18776
18770
18765
18471
18456
17541
17295
17046
17032
17032
17028
17028
17028
17028
17028
17028
17028
17028
17028
17028
17028
16965
16910
16019
16019
16019
16019
15812
14426
14134
14124
14070
13796
13037
13037
12904
12491
12397
12060
12035
11851
11851
11424
10944
10570
9462
8768
8459
7457
7032
7027
7027
6568
6470
5985
5568
5566
5566
3160
2191
2129
2002
2002
2002
2002
2002
2002
2002
2002
2002
2002
2002
2002
2002
2002
2002
2002
2002
2002
2002
2002
2002
2002
2002
2002
2002
2002
2002
2002
2002
2002
2002
2002
2002
2002
2002
2002
2002
2002
2002
2002
2002
2002
2002
2002
2002
2002
2002
2002
2002
2002
2002
2002
2002
2002
2002
2002
2002
2002
2002
2002
2002
2002
2002
2002
2002
2002
2002
2002
2002
2002
2002
2002
2002
2002
2002
2002
2002
2002
2002
2002
2002
2002
2002
2002
2002
2002
2002
2002
2002
2002
2002
2002
2002
2002
2002
2002
2002
2002
2002
2002
2002
2002
2002
2002
2002
2002
2002
2002
2002
2002
2002
2002
2002
2002
2002
2002
2002
2002
2002
2002
2002
2002
2002
2002
2002
2002
2002
2002
2002
2002
2002
2002
2002
2002
2002
2002
2002
2002
2002
2002
2002
2002
2002
2002
2002
2002
2002
2002
2002
2002
2002
2002
2002
2002
2002
2002
2002
2002
2002
2002
2002
2002
2002
2002
2002
2002
2002
2002
2002
2002
2002
2002
2002
2002
2002
2002
2002
2002
2002
2002
2002
2002
2002
2002
2002
2002
2002
2002
2002
2002
2002
2002
2002
2002
2002
2002
2002
2002
2002
2002
2002
2002
2002
2002
2002
2002
2002
2002
2002
2002
2002
2002
2002
2002
2002
2002
2002
2002
2002
2002
2002
2002
2002
2002
2002
2002
2002
2002
2002
2002
2002
2002
2002
2002
2002
2002
2002
2002
2002
2002
2002
2002
2002
2002
2002
2002
2002
2002
2002
2002
2002
2002
2002
2002
2002
2002
2002
2002
2002
2002
2002
2002
2002
2002
2002
2002
2002
2002
2002
2002
2002
2002
2002
2002
2002
2002
2002
2002
2002
2002
2002
2002
2002
2002
2002
2002
2002
2002
2002
2002
2002
2002
2002
2002
2002
2002
2002
2002
2002
2002
2002
2002
2002
2002
2002
2002
2002
2002
2002
2002
2002
2002
2002
2002
2002
2002
2002
2002
2002
2002
2002
2002
2002
2002
2002
2002
2002
2002
2002
2002
2002
2002
2002
2002
2002
2002
2002
2002
2002
2002
2002
2002
2002
2002
2002
2002
2002
2002
2002
2002
2002
2002
2002
2002
2002
2002
2002
2002
2002
2002
2002
2002
2002
2002
2002
2002
2002
2002
2002
2002
2002
2002
2002
2002
2002
2002
2002
2002
2002
2002
2002
2002
2002
2002
2002
2002
2002
2002
2002
2002
2002
2002
2002
2002
2002
2002
2002
2002
2002
2002
2002
2002
2002
2002
2002
2002
2002
2002
2002
2002
2002
2002
2002
2002
2002
2002
2002
2002
2002
2002
2002
2002
2002
2002
2002
2002
2002
2002
2002
2002
2002
2002
2002
2002
2002
2002
2002
2002
2002
2002
2002
2002
2002
2002
2002
2002
2002
2002
2002
2002
2002
2002
2002
2002
2002
2002
2002
2002
2002
2002
2002
2002
2002
2002
2002
2002
2002
2002
2002
2002
2002
2002
2002
2002
2002
2002
2002
2002
2002
2002
2002
2002
2002
2002
2002
2002
2002
2002
2002
2002
2002
2002
2002
2002
2002
2002
2002
2002
2002
2000
2000
2000
2000
2000
2000
2000
2000
2000
2000
2000
2000
2000
2000
2000
2000
2000
2000
2000
2000
2000
2000
2000
2000
2000
2000
2000
2000
2000
2000
2000
2000
2000
2000
2000
2000
2000
2000
2000
2000
2000
2000
1123
1002
1002
1002
1002
1002
1002
1002
1002
1002
1002
1002
1002
1002
1002
1002
1002
1002
1002
1002
1002
1002
1002
1002
1002
1002
1002
1002
1002
1002
1002
1002
1002
1002
1002
1002
1002
1002
1002
1002
1002
1002
1002
1002
1002
1002
1002
1002
1002
1002
1002
1002
1002
1002
1002
1002
1002
1002
1002
1002
1002
1002
1002
1002
1002
1002
1002
1002
1002
1002
1002
1002
1002
1002
1002
1002
1002
1002
1002
1002
1002
1002
1002
1002
1002
1002
1002
1002
1002
1002
1002
1002
1002
1002
1002
1002
1002
1002
1002
1002
1002
1002
1002
1002
1002
1002
1002
1002
1002
1002
1002
1002
1002
1002
1002
1002
1002
1002
1002
1002
1002
1002
1002
1002
1002
1002
1002
1002
1002
1002
1002
1002
1002
1002
1002
1002
1002
1002
1002
1002
1002
1002
1002
1002
1002
1002
1002
1002
1002
1002
1002
1002
1002
1002
1002
1002
1002
1002
1002
1002
1002
1002
1002
1002
1002
1002
1002
1002
1002
1002
1002
1002
1002
1002
1002
1002
1002
1002
1002
1002
1002
1002
1002
1002
1002
1002
1002
1002
1002
1002
1002
1002
1002
1002
1002
1002
1002
1002
1002
1002
1002
1002
1002
1002
1002
1002
1002
1002
1002
1002
1002
1002
1002
1002
1002
1002
1002
1002
1002
1002
1002
1002
1002
1002
1002
1002
1002
1002
1002
1002
1002
1002
1002
1002
1002
1002
1002
1002
1002
1002
1002
1002
1002
1002
1002
1002
1002
1002
1002
1002
1002
1002
1002
1002
1002
1002
1002
1002
1002
1002
1002
1002
1002
1002
1002
1002
1002
1002
1002
1002
1002
1002
1002
1002
1002
1002
1002
1002
1002
1002
1002
1002
1002
1002
1002
1002
1002
1002
1002
1002
1002
1002
1002
1002
1002
1002
1002
1002
1002
1002
1002
1002
1002
1002
1002
1002
1002
1002
1002
1002
1002
1002
1002
1002
1002
1002
1002
1002
1002
1002
1002
1002
1002
1002
1002
1002
1002
1002
1002
1002
1002
1002
1002
1002
1002
1002
1002
1002
1002
1002
1002
1002
1002
1002
1002
1002
1002
1002
1002
1002
1002
1002
1002
1002
1002
1002
1002
1002
1002
1002
1002
1002
1002
1002
1002
1002
1002
1002
1002
1002
1002
1002
1002
1002
1002
1002
1002
1002
1002
1002
1002
1002
1002
1002
1002
1002
1002
1002
1002
1002
1002
1002
1002
1002
1002
1002
1002
1002
1002
1002
1002
1002
1002
1002
1002
1002
1002
1002
1002
1002
1002
1002
1002
1002
1002
1002
1002
1002
1002
1002
1002
1002
1002
1002
1002
1002
1002
1002
1002
1002
1002
1002
1002
1002
1002
1002
1002
1002
1002
1002
1002
1002
1002
1002
1002
1002
1002
1002
1002
1002
1002
1002
1002
1002
1002
1002
1002
1002
1002
1002
1002
1002
1002
1002
1002
1002
1002
1002
1002
1002
1002
1002
1002
1002
1002
1002
1002
1002
1002
1002
1002
1002
1002
1002
1002
1002
1002
1002
1002
1002
1002
1002
1002
1002
1002
1002
1002
1002
1002
1002
1002
1002
1002
1002
1002
1002
1002
1002
1002
1002
1002
1002
1002
1002
1002
1002
1002
1002
1002
1002
1002
1002
1002
1002
1002
1002
1002
1002
1002
1002
1002
1002
1002
1002
1002
1002
1002
1002
1002
1002
1002
1002
1002
1002
1002
1002
1002
1002
1002
1002
1002
1002
1002
1002
1002
1002
1002
1002
1002
1002
1002
1002
1002
1002
1002
1002
1002
1002
1002
1002
1002
1002
1002
1002
1002
1002
1002
1002
1002
1002
1002
1002
1002
1002
1002
1002
1002
1002
1002
1002
1002
1002
1002
1002
1002
1002
1002
1002
1002
1002
1002
1002
1002
1002
1002
1002
1002
1002
1002
1002
1002
1002
1002
1002
1002
1002
1002
1002
1002
1002
1002
1002
1002
1002
1002
1002
1002
1002
1002
1002
1002
1002
1002
1002
1002
1002
1002
1002
1002
1002
1002
1002
1002
1002
1002
1002
1002
1002
1002
1002
1002
1002
1002
1002
1002
1002
1002
1002
1002
1002
1002
1002
1002
1002
1002
1002
1002
1002
1002
1002
1002
1002
1002
1002
1002
1002
1002
1002
1002
1002
1002
1002
1002
1002
1002
1002
1002
1002
1002
1002
1002
1002
1002
1002
1002
1002
1002
1002
1002
1002
1002
1002
1002
1002
1002
1002
1002
1002
1002
1002
1002
1002
1002
1002
1002
1002
1002
1002
1002
1002
1002
1002
1002
1002
1002
1002
1002
1002
1002
1002
1002
1002
1002
1002
1002
1002
1002
1002
1002
1002
1002
1002
1002
1002
1002
1002
1002
1002
1002
1002
1002
1002
1002
1002
1002
1002
1002
1002
1002
1002
1002
1002
1002
1002
1002
1002
1002
1002
1002
1002
1002
1002
1002
1002
1002
1002
1002
1002
1002
1002
1002
1002
1002
1002
1002
1002
1002
1002
1002
1002
1002
1002
1002
1002
1002
1002
1002
1002
1002
1002
1002
1002
1002
1002
1002
1002
1002
1002
1002
1002
1002
1002
1002
1002
1002
1002
1002
1002
1002
1002
1002
1002
1002
1002
1002
1002
1002
1002
1002
1002
1002
1002
1002
1002
1002
1002
1002
1002
1002
1002
1002
1002
1002
1002
1002
1002
1002
1002
1002
1002
1002
1002
1002
1002
1002
1002
1002
1002
1002
1002
1002
1002
1002
1002
1002
1002
1002
1002
1002
1002
1002
1002
1002
1002
1002
1002
1002
1002
1002
1002
1002
1002
1002
1002
1002
1002
1002
1002
1002
1002
1002
1002
1002
1002
1002
1002
1002
1002
1002
1002
1002
1002
1002
1002
1002
1002
1002
1002
1002
1002
1002
1002
1002
1002
1002
1002
1002
1002
1002
1002
1002
1002
1002
1002
1002
1002
1002
1002
1002
1002
1002
1002
1002
1002
1002
1002
1002
1002
1002
1002
1002
1002
1002
1002
1002
1002
1002
1002
1002
1002
1002
1002
1002
1002
1002
1002
1002
1002
1002
1002
1002
1002
1002
1002
1002
1002
1002
1002
1002
1002
1002
1002
1002
1002
1002
1002
1002
1002
1002
1002
1002
1002
1002
1002
1002
1002
1002
1002
1002
1002
1002
1002
1002
1002
1002
1002
1002
1002
1002
1002
1002
1002
1002
1002
1002
1002
1002
1002
1002
1002
1002
1002
1002
1002
1002
1002
1002
1002
1002
1002
1002
1002
1002
1002
1002
1002
1002
1002
1002
1002
1002
1002
1002
1002
1002
1002
1002
1002
1002
1002
1002
1002
1002
1002
1002
1002
1002
1002
1002
1002
1002
1002
1002
1002
1002
1002
1002
1002
1002
1002
1002
1002
1002
1002
1002
1002
1002
1002
1002
1002
1002
1002
1002
1002
1002
1002
1002
1002
1002
1002
1002
1002
1002
1002
1002
1002
1002
1002
1002
1002
1002
1002
1002
1002
1002
1002
1002
1002
1002
1002
1002
1002
1002
1002
1002
1002
1002
1002
1002
1002
1002
1002
1002
1002
1002
1002
1002
1002
1002
1002
1002
1002
1002
1002
1002
1002
1002
1002
1002
1002
1002
1002
1002
1002
1002
1002
1002
1002
1002
1002
1002
1002
1002
1002
1002
1002
1002
1002
1002
1002
1002
1002
1002
1002
1002
1002
1002
1002
1002
1002
1002
1002
1002
1002
1002
1002
1002
1002
1002
1002
1002
1002
1002
1002
1002
1002
1002
1002
1002
1002
1002
1002
1002
1002
1002
1002
1002
1002
1002
1002
1002
1002
1002
1002
1002
1002
1002
1002
1002
1002
1002
1002
1002
1002
1002
1002
1002
1002
1002
1002
1002
1002
1002
1002
1002
1002
1002
1002
1002
1002
1002
1002
1002
1002
1002
1002
1002
1002
1002
1002
1002
1002
1002
1002
1002
1002
1002
1002
1002
1002
1002
1002
1002
1002
1002
1002
1002
1002
1002
1002
1002
1002
1002
1002
1002
1002
1002
1002
1002
1002
1002
1002
1002
1002
1002
1002
1002
1002
1002
1002
1002
1002
1002
1002
1002
1002
1002
1002
1002
1002
1002
1002
1002
1002
1002
1002
1002
1002
1002
1002
1002
1002
1002
1002
1002
1002
1002
1002
1002
1002
1002
1002
1002
1002
1002
1002
1002
1002
1002
1002
1002
1002
1002
1002
1002
1002
1002
1002
1002
1002
1002
1002
1002
1002
1002
1002
1002
1002
1002
1002
1002
1002
1002
1002
1002
1002
1002
1002
1002
1002
1002
1002
1002
1002
1002
1002
1002
1002
1002
1002
1002
1002
1002
1002
1002
1002
1002
1002
1002
1002
1002
1002
1002
1002
1002
1002
1002
1002
1002
1002
1002
1002
1002
1002
1002
1002
1002
1002
1002
1002
1002
1002
1002
1002
1002
1002
1002
1002
1002
1002
1002
1002
1002
1002
1002
1002
1002
1002
1002
1002
1002
1002
1002
1002
1002
1002
1002
1002
1002
1002
1002
1002
1002
1002
1002
1002
1002
1002
1002
1002
1002
1002
1002
1002
1002
1002
1002
1002
1002
1002
1002
1002
1002
1002
1002
1002
1002
1002
1002
1002
1002
1002
1002
1002
1002
1002
1002
1002
1002
1002
1002
1002
1002
1002
1002
1002
1002
1002
1002
1002
1002
1002
1002
1002
1002
1002
1002
1002
1002
1002
1002
1002
1002
1002
1002
1002
1002
1002
1002
1002
1002
1002
1002
1002
1002
1002
1002
1002
1002
1002
1002
1002
1002
1002
1002
1002
1002
1002
1002
1002
1002
1002
1002
1002
1002
1002
1002
1002
1002
1002
1002
1002
1002
1002
1002
1002
1002
1002
1002
1002
1002
1002
1002
1002
1002
1002
1002
1002
1002
1002
1002
1002
1002
1002
1002
1002
1002
1002
1002
1002
1002
1002
1002
1002
1002
1002
1002
1002
1002
1002
1002
1002
1002
1002
1002
1002
1002
1002
1002
1002
1002
1002
1002
1002
1002
1002
1002
1002
1002
1002
1002
1002
1002
1002
1002
1002
1002
1002
1002
1002
1002
1002
1002
1002
1002
1002
1002
1002
1002
1002
1002
1002
1002
1002
1002
1002
1002
1002
1002
1002
1002
1002
1002
1002
1002
1002
1002
1002
1002
1002
1002
1002
1002
1002
1001
1001
1001
1001
1001
1001
1001
1001
1001
1001
1001
1001
1001
1001
1001
1001
1001
1001
1001
1001
1001
1001
1001
1001
1001
1001
1001
1001
1001
1001
1001
1001
1001
1001
1001
1001
1001
1001
1001
1001
1001
1001
1001
1001
1001
1001
1001
1001
1001
1001
1001
1001
1001
1001
1001
1001
1001
1001
1001
1001
1001
1001
1001
1001
1001
1001
1001
1001
1001
1001
1001
1001
1001
1001
1001
1001
1001
1001
1001
1001
1001
1001
1001
1001
1001
1001
1001
1001
1001
1001
1001
1001
1001
1001
1001
1001
1001
1001
1001
1001
1001
1001
1001
1001
1001
1001
1001
1001
1001
1001
1001
1000
1000
1000
1000
1000
1000
1000
1000
1000
1000
1000
1000
1000
1000
1000
1000
1000
1000
1000
1000
1000
1000
1000
1000
1000
1000
1000
0
0
0
0
0
0
0
0
0
0
0
0
0
0
0
0
0
0
0
0
0
0
0
0
0
0
0
0
0
0
0
0
0
0
0
0
0
0
